0 0.000085
0 0.000028
0 0.000024
0 0.000021
0 0.000023
0 0.000021
0 0.000022
0 0.000020
1 0.000167
1 0.000165
1 0.000164
1 0.000165
1 0.000164
1 0.000165
1 0.000180
1 0.000163
2 0.012202
2 0.011655
2 0.009974
2 0.009753
2 0.009662
2 0.009663
2 0.009667
2 0.009630
3 0.075050
3 0.075264
3 0.075220
3 0.075145
3 0.075181
3 0.075187
3 0.075181
3 0.075216
4 2.857064
4 2.803203
4 2.789482
4 2.786187
4 2.788081
4 2.792387
4 2.790717
4 2.790963
5 29.159669
5 29.628686
5 29.644636
5 29.638091
5 29.637675
5 29.630746
5 29.732426
5 30.227611
